0 0.396875 0.32890625 0.1171875 0.07421875
0 0.5015625 0.33203125 0.08203125 0.03046875
0 0.64921875 0.32265625 0.0546875 0.0640625
0 0.5625 0.315625 0.06640625 0.07109375
0 0.615625 0.29375 0.0484375 0.06328125
0 0.334375 0.23984375 0.0703125 0.06640625
0 0.478125 0.2765625 0.040625 0.0546875
0 0.46171875 0.46015625 0.125 0.0546875
0 0.9265625 0.71796875 0.146875 0.17109375
0 0.08828125 0.71171875 0.14296875 0.15703125
0 0.2296875 0.73125 0.11328125 0.14140625
0 0.4078125 0.7296875 0.103125 0.1640625
0 0.58359375 0.68984375 0.1421875 0.16015625
0 0.725 0.684375 0.14453125 0.16875
0 0.80625 0.59375 0.071875 0.1515625
0 0.8890625 0.57890625 0.0765625 0.1546875
0 0.403125 0.6125 0.1734375 0.07421875
0 0.3453125 0.55859375 0.1484375 0.0671875
0 0.4640625 0.55859375 0.13046875 0.0703125
0 0.56640625 0.5234375 0.14296875 0.08515625
0 0.421875 0.496875 0.13046875 0.05625
0 0.2859375 0.4671875 0.0859375 0.1515625
0 0.39453125 0.425 0.10390625 0.05078125
0 0.6046875 0.45625 0.12109375 0.0703125
0 0.63046875 0.3875 0.0484375 0.090625
0 0.72421875 0.39765625 0.0953125 0.13359375
0 0.50703125 0.378125 0.084375 0.0734375
0 0.40625 0.38203125 0.09921875 0.0375
0 0.3890625 0.3625 0.0796875 0.0375